8,
12,
8,
12,
8,
12,
8,
12,
8,
12,
8,
12,
8,
12,
8,
12,
8,
12,
8,
12,
8,
12,
8,
12,
8,
12,
8,
12,
8,
12,
8,
12,
8,
12,
8,
12,
8,
12,
8,
12,
8,
12,
8,
12,
8,
12,
8,
12,
8,
12,
8,
12,
8,
12,
8,
12,
8,
12,
8,
12,
8,
12,
8,
12,
8,
8,
8,
8,
8,
7,
8,
8,
8,
8,
8,
13,
8,
12,
8,
4,
8,
5,
8,
5,
8,
6,
8,
8,
8,
5,
8,
5,
8,
5,
8,
9,
8,
12,
8,
5,
8,
9,
8,
8,
8,
9,
8,
9,
8,
8,
8,
8,
8,
7,
8,
8,
8,
5,
8,
5,
8,
6,
8,
7,
8,
6,
8,
8,
8,
11,
8,
12,
8,
7,
8,
9,
8,
8,
8,
8,
8,
8,
8,
8,
8,
9,
8,
5,
8,
5,
8,
9,
8,
8,
8,
12,
8,
8,
8,
11,
8,
9,
8,
12,
8,
8,
8,
7,
8,
11,
8,
12,
8,
13,
8,
16,
8,
12,
8,
12,
8,
8,
8,
5,
8,
9,
8,
5,
8,
5,
8,
9,
8,
5,
8,
8,
8,
7,
8,
8,
8,
8,
8,
7,
8,
7,
8,
9,
8,
7,
8,
4,
8,
4,
8,
8,
8,
7,
8,
8,
8,
9,
8,
8,
8,
7,
8,
8,
8,
9,
8,
7,
8,
9,
8,
8,
8,
8,
8,
13,
8,
8,
8,
8,
8,
7,
8,
6,
8,
3,
8,
6,
8,
6,
8,
12,
8,
12,
8,
12,
8,
12,
8,
12,
8,
12,
8,
12,
8,
12,
8,
12,
8,
12,
8,
12,
8,
12,
8,
12,
8,
12,
8,
12,
8,
12,
8,
12,
8,
12,
8,
5,
8,
6,
8,
12,
8,
12,
8,
12,
8,
12,
8,
12,
8,
12,
8,
12,
8,
12,
8,
12,
8,
12,
8,
12,
8,
12,
8,
12,
8,
8,
8,
8,
8,
7,
8,
8,
8,
7,
8,
12,
8,
3,
8,
6,
8,
6,
8,
11,
8,
9,
8,
7,
8,
8,
8,
4,
8,
11,
8,
9,
8,
7,
8,
9,
8,
7,
8,
7,
8,
5,
8,
13,
8,
9,
8,
7,
8,
7,
8,
3,
8,
8,
8,
8,
8,
11,
8,
13,
8,
12,
8,
8,
8,
12,
8,
12,
8,
12,
8,
12,
8,
12,
8,
12,
8,
11,
8,
8,
8,
8,
8,
7,
8,
8,
8,
8,
8,
5,
8,
5,
8,
5,
8,
7,
8,
11,
8,
11,
8,
11,
8,
11,
8,
11,
8,
12,
8,
11,
8,
8,
8,
11,
8,
13,
8,
13,
8,
13,
8,
12,
8,
12,
8,
8,
8,
9,
8,
11,
8,
8,
8,
8,
8,
8,
8,
8,
8,
8,
8,
8,
8,
8,
8,
7,
8,
6,
8,
7,
8,
7,
8,
4,
8,
5,
8,
4,
8,
5,
8,
8,
8,
9,
8,
8,
8,
9,
8,
9,
8,
8,
8,
8,
8,
8,
8,
8,
8,
8,
8,
8,
8,
8,
8,
8,
8,
8,
8,
7,
8,
8,
